01628
13150
78837
70363
49546
67387
01648
76545
40648
36963
21772
04282
72898
04098
43157
19632
05642
07480
10438
78281
91503
25617
49562
26149
23549
59721
48658
83651
78690
76230
62474
45206
74379
48845
43191
63795
03824
41421
45665
40813
28032
27157
33429
46855
88822
31836
48840
25370
34059
51793
28956
17279
13565
67226
12693
71853
81329
62414
15266
96921
33385
38191
18094
47183
81067
88539
85614
06134
70340
97353
35219
08221
81811
74925
58744
82909
20317
47120
15174
75256
98922
61415
97178
58292
31407
74595
89982
15688
59015
50079
86439
42061
93996
99710
95194
54602
84210
60079
21653
39273
83083
82571
00563
15371
43281
98200
21172
82858
12730
25334
92553
31029
57942
40199
38816
75091
68518
16253
25508
58675
36848
73540
75853
33350
72180
01912
84871
97114
53575
48835
17642
19057
06147
71770
86482
70241
10330
35151
88478
85190
73645
28237
22265
51037
02346
91851
25961
11617
85766
72145
54130
64176
05604
60512
62611
67584
68875
51879
34849
35798
43495
36070
03590
02729
18495
33782
62745
06269
80531
75502
93656
37685
14196
74782
06659
29114
88162
12790
74693
12220
39971
26852
92353
62084
61186
72132
75761
03223
90523
98853
22710
29357
05159
38224
56289
82876
30903
53905
20626
01354
89673
87870
66908
86699
87922
95859
68145
02982
44342
52705
34291
30822
93154
65390
66584
42914
79894
65521
03463
97857
93392
26317
80733
57436
36160
02894
84223
12360
23655
67730
44513
84956
65358
53784
15515
63329
46497
13998
46282
19251
15378
65256
51158
89011
81296
13797
53544
70646
06009
44843
52751
82742
44576
49345
04497
16994
64347
83855
74400
81361
07295
57624
96432
71513
53059
59336
75168
71681
50591
52948
47076
84373
89440
28951
25368
20892
41695
30595
52012
51561
99227
80015
67265
09695
35145
39476
70249
18946
42666
70501
97745
56791
21784
81208
95482
39984
72896
72724
66455
70230
02594
25020
25269
74048
08671
13173
51127
38084
77728
69421
84616
20942
26002
62461
32083
87868
60325
05143
71800
34156
73151
70612
33928
39717
19290
74169
03326
40867
17183
36550
50752
24768
25758
21049
01988
63775
78085
75839
18798
64445
41643
77258
71286
20711
04521
29162
43284
67804
33029
33583
87232
41863
96086
04495
69007
16084
22254
59689
31917
48273
78102
54350
79041
71797
47393
96735
78269
98800
45694
94781
90754
21253
54152
08170
39041
23389
65892
24913
74694
70255
64457
68929
91325
44955
69896
55032
56193
97498
23830
03437
58088
24062
40139
80188
16293
69168
19858
53645
70390
20428
66664
76061
55086
33680
41964
11190
78428
46353
83385
42719
97752
45012
88883
12816
59628
68636
45542
08680
01038
54287
86263
46169
53971
08395
58119
70860
29054
91694
07628
86404
55162
80640
44659
22228
51006
84458
38660
32985
34370
96517
02357
67389
20561
66806
91642
04680
82866
01604
67098
36382
94804
99201
30787
54020
38517
67824
78714
00658
53019
53836
40660
42809
97254
66130
48177
14975
90294
20695
67724
68089
62617
68173
93809
22735
44948
54264
06366
62064
19728
20291
66567
91374
44270
78311
23278
93263
68046
03850
53161
23198
69653
07397
16662
19174
87655
34867
83968
21191
35269
36403
76289
11579
58103
95467
32629
73600
08739
32214
22384
22013
11599
23072
33290
16835
21162
00876
08268
29855
09595
24270
00920
23923
99191
71861
34168
77157
71527
34028
80317
15166
78987
20181
68201
62183
81776
38055
79019
80487
15473
66008
26674
25326
94791
14042
69012
16381
43270
96676
33280
09734
64821
15397
33174
85023
64985
44894
23153
86898
59387
55074
43664
13586
64800
77637
65862
29793
41922
67616
88745
93049
83408
49277
35893
09575
89931
81839
19979
22040
01861
36471
34449
79843
89739
76931
23020
87641
63069
25713
75995
03914
39280
14886
07954
20625
65741
11244
20688
79136
69189
13134
92517
94455
57690
08151
53038
15985
60140
88547
75896
18095
30192
94026
95150
89204
21152
73079
43530
59184
93746
28959
29692
81055
28768
02824
84112
22154
49642
60161
81049
48298
62316
04863
07114
72522
37960
67774
02138
28187
13133
20454
10958
00239
11619
85755
14418
09928
77758
75328
07053
77485
61658
76074
28952
37174
77272
72780
29475
49785
01337
69751
50624
96032
20823
42454
06510
35228
31047
14702
12469
81165
33664
51783
03370
19881
45401
22347
54452
32742
52152
82864
04906
91794
94417
02160
51849
45201
26016
52730
51799
43314
64539
74094
38622
62689
65485
55070
06876
97293
37941
57278
30419
16097
53985
58135
77833
54834
88002
36282
92596
71987
19810
70137
95903
90607
15659
69822
32052
73066
03032
20153
12089
42578
16976
15079
83129
93361
36967
02370
12049
97466
83376
38999
47738
04227
28663
69872
93109
17972
90670
02964
36803
37829
31832
46342
06943
99943
60324
90106
89762
79567
17538
24080
03074
26054
05422
90054
20360
60189
85015
96181
11455
51142
05064
25613
78976
08327
64073
26622
52743
98478
04497
97207
82416
35012
81874
89664
36098
99483
54742
25058
32885
79954
40051
88153
63136
09080
10350
98530
58875
51517
79556
43530
51093
46274
43008
47805
53252
47259
92614
86729
87006
68503
20162
86839
34764
73415
41912
02583
69273
69854
80120
73655
95638
13384
62477
00798
64768
80191
41122
82779
87008
94924
36311
81629
30306
17341
50256
34565
55088
58950
07623
52292
92323
13477
10383
28037
03814
06534
12679
97747
91257
18956
36221
15036
17317
83076
70555
11306
30068
51773
77880
40818
83971
21563
48204
46394
93498
76334
45612
78302
01716
73363
21044
54637
06707
26044
36864
96250
75709
94217
67351
78483
05605
15249
16546
23499
96594
14069
72568
71618
94678
84277
27391
54750
21833
15061
24267
82012
88520
02329
59726
71697
50647
93439
54678
34772
67784
55723
94992
84948
03308
02892
85344
97428
42737
86535
61507
45964
67857
73500
72088
21814
04767
55303
68751
07951
91505
71535
38698
10288
11139
18417
03923
04175
11479
37239
77476
32397
12391
73572
16511
34379
33875
61393
08564
96826
24542
68794
86442
49915
16688
71610
91690
76537
84586
81504
25443
17561
42327
35190
56948
53844
31810
56486
04461
17089
71487
01514
54614
79593
83733
61866
69193
95821
52137
42256
74044
27809
07154
66585
06564
64863
52594
90761
33845
96706
71177
49338
57371
67659
03691
18572
54108
82108
33505
99105
42957
42196
31983
94090
19760
51978
55515
05327
56099
08505
46831
55335
03465
70519
81048
51770
12623
64555
04226
42660
81057
13782
40962
67806
90921
00188
04077
53875
90403
94938
70215
61998
82130
82158
25262
66417
97987
96940
86238
22292
88206
87032
21461
86655
38325
49927
64405
33515
84585
73119
93407
42323
38831
51342
91981
48409
28481
24703
72928
39299
05433
21777
21183
11175
55162
02111
65170
00261
55883
59006
84812
87999
59304
35614
09605
98561
23243
78163
94308
16300
89199
68653
67981
64150
87551
16376
37879
48439
15966
65648
18929
92238
61183
01986
34686
46408
91036
13949
10498
75465
53969
87976
99163
57798
71471
92908
32606
33369
22182
60226
77027
17224
95525
99052
79142
05911
59853
78993
74927
95614
31846
51839
09542
73703
87743
77451
93104
38944
05443
08706
84427
21394
63017
65713
59780
14949
70458
93708
36775
19913
84889
54449
39307
98455
75785
05383
44171
45255
22455
01283
30009
58634
47541
83604
70688
64231
06492
54212
56874
76274
14360
76641
90300
69948
66389
88051
21410
92690
34204
12671
81773
78019
41538
87581
51102
81089
93980
24861
44103
60546
26387
37174
69631
80029
96261
20412
83511
75172
65687
11124
20849
05045
56786
43614
75127
36106
72655
08866
36070
63944
89524
38468
39657
08109
46262
93623
04260
69137
40816
98785
08560
03573
60286
70770
18641
67334
70248
02751
85288
83889
76362
93463
51338
40617
54645
58368
69003
64793
85704
43514
18629
94354
66271
56178
80181
78687
19603
21324
96620
55402
25403
90124
32859
28536
89780
14113
66651
90284
12489
41945
44993
75084
66518
55157
02904
16388
75816
13230
79343
24145
60825
35722
03784
28082
46090
34550
04641
48241
49002
29849
44298
68520
93332
02441
97792
14228
35976
08714
08494
28713
34015
70171
83501
03546
59705
49694
00328
15257
33096
25760
78274
80730
67127
19276
75672
64811
75310
00473
06834
85416
33285
62411
85025
14133
75794
81468
03173
82674
11506
76068
02928
06877
49407
41055
98700
64337
54058
34081
17611
06460
25336
20986
67074
84682
21463
18779
18288
90394
83318
22453
40726
10862
99368
32311
57527
90328
57548
69517
69004
37463
12292
93485
95026
27399
33823
80407
51901
37581
35378
29226
86428
43008
89418
16065
61627
65439
51702
54702
25224
60918
60888
74533
16532
69158
84404
57105
84414
98220
27493
20129
46608
07933
10569
13313
04336
01303
76264
02533
62623
16182
95199
41914
21462
54902
68476
52496
81546
11975
23388
72419
34873
14566
26264
82727
64036
95691
49472
62213
65294
72913
51213
83560
37939
91714
86473
84057
21667
61240
24803
09174
42613
80653
50635
25447
96741
09486
46228
95768
27115
87175
49586
64526
24375
72210
93107
79333
11620
51049
68518
88953
92904
38937
99962
37801
16097
23570
50145
80301
14600
01330
31393
13907
91274
06971
26474
63590
01747
76107
84511
62525
08971
72732
51224
76021
73453
64081
12385
40786
46827
06437
29695
49623
16567
24636
82738
27066
11890
11262
49600
06678
02216
65716
30329
34958
31124
52725
44450
63288
52118
91271
23605
22546
66125
88600
48321
15678
49136
88570
99781
72788
91842
96168
26614
16493
85894
16443
80416
48330
85736
17149
08536
13798
08088
81349
67834
46963
70657
99228
47668
68425
59789
62735
72316
89562
63297
07559
57678
70066
61708
09102
54444
85993
91638
98825
43577
87302
85438
34615
25729
74568
37115
03706
98701
33089
93161
91633
47165
65195
78325
73656
57896
68907
34891
95861
11702
73007
31520
03692
24348
16295
86064
13087
82836
02085
39317
58884
01600
48038
37046
65881
38236
48845
32323
99815
16987
14528
19246
62115
36458
56852
72940
35542
89853
68618
44210
79467
75559
76108
99746
76379
09188
96709
61205
19280
42582
54458
74901
04557
61997
71398
39546
80258
26590
63189
50577
17307
12120
53387
52811
75163
48312
58723
22889
00387
75342
00898
94798
94080
27295
81934
04061
18134
36961
77211
25529
17551
60217
54893
13544
83682
81838
89849
01804
88993
00481
70920
87861
58412
71648
91854
94426
49456
41143
29073
98666
54755
85074
85380
77052
97345
66897
29358
64258
19904
65538
62254
27048
35724
23413
74497
90579
02031
00436
92904
54383
58628
33256
92997
50888
26584
51457
83405
14320
38492
07923
79546
77573
98883
08451
53678
55878
81132
26931
00119
20871
04779
15052
47889
24800
59346
57173
17013
05039
63316
47581
89508
34802
37892
03662
80541
33013
29926
43744
50353
61241
54732
33102
93110
80416
71511
36346
88110
75896
01186
10740
33349
77175
27174
98883
37993
15141
71995
34764
90918
62000
34462
86802
28064
68410
44882
33307
86095
14264
88375
14764
24490
48997
89991
92257
97857
76842
56315
10691
91889
95593
94461
44839
49380
01298
05503
38239
95569
68076
42017
16357
34150
62312
90030
47481
75650
98655
89437
05922
46127
48726
99224
01476
93633
62602
17342
71078
88425
73506
14651
30099
40246
05197
87824
46501
31791
09664
32377
13129
10342
16344
57048
42818
13394
13560
87499
32099
21987
19594
43375
81600
60171
03406
59594
66833
95615
56974
92769
60929
46413
41656
54213
02084
92644
48453
90781
20370
26689
46319
15207
52232
70824
25501
57225
28562
11244
36651
43913
34283
88915
60955
29243
55843
58464
00771
55493
56437
21511
12190
78549
14833
03465
10945
12096
13028
59826
73944
07252
95964
49206
80224
63368
05227
59422
17887
32259
93399
98955
41837
08202
71048
89257
08340
42602
73891
26004
72543
49561
98143
30234
60404
01398
77317
26337
46470
35255
38308
81248
95097
37255
67065
09328
33189
15279
91001
39359
37698
33808
16033
25827
29859
72195
32959
54340
21056
68974
61551
03811
75152
87127
77488
79333
83723
90865
84964
84827
23784
26597
79748
90626
93947
63138
35451
64169
46247
15172
86460
06132
74784
01017
67745
41971
74014
06446
37988
91526
73072
15545
80508
99464
30294
15183
38318
12776
85613
63451
10262
61106
19996
13056
11234
76144
33128
71865
15951
23234
83250
22354
35552
91168
77538
97162
25315
27841
24219
24005
63748
72195
77627
36302
96110
30897
21531
81910
17848
03055
71250
47250
74078
68659
26766
11219
38690
48388
72249
90402
17179
09159
21232
99893
50273
52772
44509
00573
81754
32262
52261
30606
37925
86877
61496
08458
97046
97229
11823
22188
82835
27661
41065
91391
61511
61897
33720
58992
90661
96755
66791
85459
80213
35919
93186
29514
64030
87963
61883
08490
39476
37983
43606
81400
48882
09384
22724
53910
83948
73212
62077
30475
35566
17667